[1990.33718724 2410.13600456 2479.41373466 2492.56194766 2499.27703635
 2503.3622816  2479.12279337 1269.2839904  1103.87477158 1269.54771214
 1487.73622843 1986.63010439 2358.08700936 2428.87027074 2448.52863016
 2456.93525015 2461.25243432 2462.81440438 2463.12085197 1878.46081857
 1252.42426914 1096.12208367 1300.48080084 1590.35809056 2175.03407181
 2410.04363873 2445.15661096 2452.18005752 2454.07139578 2454.65177675
 2454.74490913 2389.76084333 1459.57840163 1464.30249557 1415.94294319
 1567.65834233 1997.36581965 2392.74452089 2443.87174565 2450.76341265
 2452.1726655  2452.38972067 2452.16589576 2451.04837824 2055.3917292
 1676.23196467 1439.74390557 1466.96450861 1713.92271572 2241.73016129
 2420.49814671 2443.39487688 2449.40123465 2450.32821929 2450.20773752
 2450.14786559 2441.88194405 2036.77354269 1485.07335242 1443.51301945]
[301873.45879294 252143.26828626 137066.22457112 161423.08126336
 182902.37719063 143719.56491922 171491.2918516   19425.81122398
  32008.80815347  78055.48810095 111203.03225782 227560.64232273
 198581.91127325 158107.42670322 198757.00259798 149201.50058112
 169502.54535948 159002.11515257 169320.12271511  65116.55586771
  41023.45536664  50983.25093338 117188.41197362 157118.39561353
 237662.93950152 155383.1289678  168459.85960758 163542.91013662
 166441.12339674 157881.58859247 158588.38449665 138810.48310354
  36945.35592179  70845.71708904  84181.73675322 135876.92476018
 195429.57455661 201141.94847236 147845.7675763  158668.63678714
 152554.69382884 162384.64314874 158837.06395393 152152.0497213
  84982.73036628  75333.91289179  73739.56600178 105399.13124154
 160288.13444131 218397.00567977 129972.97310079 173970.66061622
 144800.60074737 158807.07832352 173222.05340928 128704.89782586
 154580.74921354  95699.74506431  48672.65915037  72565.41987041]
[4224.52695541 4745.27091332 4369.31143847 4965.2396398  5607.59520517
 5402.60166595 5514.15032386 3189.30672196 2482.15227262 2497.40964499
 2751.24017822 4291.12131961 4978.30968346 4858.62204666 5809.61861675
 5356.82558732 5757.76136629 5658.7322459  6030.8919301  4152.58294803
 3088.3196155  2662.06186374 3005.22637997 3647.81870295 5418.73374287
 5190.69672383 5751.54830118 5733.54490272 6014.40317145 5959.41575603
 5996.06699985 5619.25571613 3706.66940534 3390.07208707 3277.32319755
 3734.38732154 4903.34652389 6116.83077046 5448.87061571 5849.17665311
 5841.18782009 5947.92082581 6193.56507057 6120.35897375 4789.02113029
 4080.4891608  3693.15997152 3789.41961803 4588.85811691 6250.99978278
 5381.299278   6221.16301    5880.31978034 6121.119697   6534.1362112
 5893.25901572 6329.62889682 5130.0720755  3975.69701164 3710.7619793 ]
[38392.82884338 46830.54593683 48317.32901467 48616.10142333
 48772.90558392 48864.92690177 48310.21540219 25319.59039668
 21838.752945   24995.11632552 28918.92712267 38083.95270283
 45715.13068439 47242.49712606 47677.73800503 47838.27522319
 47915.48113676 47945.44349301 47954.15193246 36502.03991259
 24733.75032109 21654.15714101 25615.02966635 30949.60548076
 42015.44228973 46817.36372513 47524.05554763 47679.85145378
 47720.39254046 47733.02817366 47737.01197338 46478.34748738
 28662.79410964 28785.4765985  27794.44140504 30688.67301159
 38574.03522894 46455.42532999 47493.11307791 47647.17423282
 47678.0084674  47680.66236099 47678.26958672 47651.80111327
 40333.64739752 32834.80987936 28406.3592925  28786.27328871
 33393.64273734 43309.48322078 46984.271034   47471.88277122
 47614.5020456  47635.01040434 47634.21711445 47630.8200507
 47459.01456997 39693.16354576 29289.60678708 28492.3568608 ]
[4380384.60698246 4346304.8566186  2947217.33208118 3116005.91344747
 3562898.56817947 2782208.89013843 3159389.87961806  450537.76193281
  652287.20597178 1463924.11385417 1984168.72895087 3969384.51795415
 3829064.97185699 3078613.03889422 3971807.24980392 3011913.47035842
 3330715.94447867 3147810.52964728 3360492.52247338 1390160.32094169
  938754.98129955 1047929.13812191 2146020.8030618  2867620.40996836
 4297947.36584874 3240052.4310758  3219672.76846809 3347955.32432675
 3100007.05282117 3244485.90083442 3034709.03624678 2769319.31623604
  890098.49122819 1474823.41442548 1596165.72600193 2484303.85831964
 3670313.43443743 3561031.22613135 3128750.77595107 3035399.29341982
 2893220.28322036 3246755.58428114 3138157.60754205 2750134.17013562
 1865906.09931264 1571989.24112137 1537913.13821148 1976188.25258587
 2922486.82336619 3874160.03981587 2661985.15620442 3397512.68626035
 2778931.71975481 3091540.87127157 3375050.514701   2498763.87069232
 3001886.63380238 1971832.54719486 1076818.60910959 1468963.74009315]
[ 63793.34897889  76981.01571071  73287.31155103  82198.93172556
  94929.07338972  91930.60364429  91607.12320958  54528.78809569
  42183.50339242  41759.9504225   44536.63470371  66127.65098688
  80686.11044925  77907.22944923  95735.9995641   91449.40103916
  95665.86299013  95888.5358429  103123.30756749  72554.55754681
  54907.19332688  47124.92398999  51418.42207415  60688.19670997
  87355.0196664   86738.53043411  95698.18467319  97930.10309408
 101246.33556499 104348.75285282 102997.66826847  98569.91804027
  67286.8582409   61720.0252611   58299.28589762  64542.43166193
  83695.36091203  98482.15448236  97297.09226061 101615.28736699
 100098.34314584 104378.10218111 110073.84314878 104755.16194938
  86834.56675173  74307.50764732  67844.13815623  67888.88233224
  79596.53351697 103421.58430576  94368.29055517 108515.43545025
 101669.77320197 107802.10120489 114912.66556703 103656.19426815
 111682.9714596   92193.92304169  73223.5115942   68137.49522396]
585.6293229325227