[1990.33718724 2402.93760716 2475.53593264 2488.77136825 2494.55854079
 2496.90660576 2405.58752192 1075.6205231   984.4948191  1149.6205065
 1332.4898408  1670.77896928 2105.95567746 2298.21813311 2356.86585121
 2381.62808516 2390.68741712 2394.04397062 2388.53491664 1659.44953926
 1164.27643611 1023.80166518 1192.9394402  1386.90117153 1827.03420638
 2202.39365717 2315.25990694 2338.52396049 2345.08928215 2348.31652567
 2348.65861435 2197.06136577 1296.46693805 1340.29270844 1291.91793888
 1393.5488164  1669.6843151  2114.95487886 2265.9409802  2306.645032
 2317.78286152 2323.69896432 2324.77006492 2316.83172626 1792.25539512
 1550.43378405 1325.05204314 1359.44430069 1492.1611346  1919.17803446
 2210.91457291 2281.50988382 2296.60020572 2301.76612925 2303.69624377
 2304.17614865 2223.54202323 1841.32262223 1422.25860743 1355.14822593]
[401872.18759074 469864.78546836 306725.84824821 254421.70973447
 343325.24203809 279574.10079978 306125.49384403  29725.82989904
  43640.02464763 105480.51527978 191079.22073184 333997.37438041
 381768.97724129 342255.58763891 334705.67520444 288545.3096277
 293816.92384665 306441.60793959 298984.84690411 101457.28593464
  59985.16133867  80584.57780448 177559.09472093 244585.50108841
 397742.67432465 298748.34892592 324282.54376257 304118.27146594
 288258.33228103 306674.16032905 274975.23522339 246064.31398874
  61007.32884321 114551.38072272 140623.19973092 223634.24873922
 304650.44654875 374321.31163132 255168.38787215 323627.23304255
 276238.24761629 280016.85828291 270474.30001877 292805.16332298
 129689.38037293 137136.27538451 107451.43091764 196960.71114759
 229115.55858397 379527.18945102 287360.48490228 275763.89913182
 297186.56541359 242854.46019064 280968.46194937 283679.90228862
 250770.35649052 137793.59602909  95680.54575866 136343.88736815]
[5858.52277956 7461.35935121 6507.62701708 6907.64816546 7965.07566429
 7648.24177408 7813.14058777 4156.23123533 3050.45240011 2940.65424097
 3374.34131313 4770.02017056 6156.66241037 6442.04124649 7414.05631762
 7443.42926056 7583.32332367 7983.71908719 8003.64832147 5109.14455144
 3712.86491251 3181.38131581 3590.41282917 4236.06285135 6367.31927348
 6468.15671544 6940.3023282  7643.21134935 7605.4355167  8099.85314914
 7882.59900717 7601.40085344 4556.26605157 4053.44374247 3925.53323899
 4479.7507177  5692.77513793 7345.23386149 6981.12007666 8198.63790908
 7792.48900343 7925.61301842 8001.41141933 8394.53230653 5870.02684622
 5153.80650525 4384.48817145 4789.08676537 5171.51514858 7669.76339864
 7267.36065638 7629.67572232 8453.65267486 7476.73584111 8100.56893576
 8502.18489716 7987.49756123 6069.94958475 4852.15703816 4613.39072252]
[38392.82884338 46728.48521325 48258.42667211 48567.95395858
 48703.98712944 48759.10101569 47005.97850231 21744.71931949
 19585.53955725 22758.56296042 26039.82654067 32481.38887109
 40395.63146537 44300.85595878 45669.89456686 46255.01252006
 46473.3936586  46544.53855176 46423.25972249 32765.4194858
 23013.54727524 20203.96163367 23487.51763944 27176.01568121
 35331.58761846 42233.08157749 44620.47018548 45179.71426731
 45343.65354075 45414.03865655 45430.19097243 42291.00634637
 26177.16390049 26769.07890611 25790.31487998 27581.01859053
 32810.28388806 40721.09632722 43601.56048993 44491.06445614
 44715.33064784 44830.21503778 44853.1989135  44695.78700441
 35416.68946359 30618.11497346 26218.63023949 26898.87269867
 29440.1698284  37193.3698608  42337.0295152  43854.29229857
 44193.45245859 44315.73825765 44352.03402473 44359.16030676
 42850.69451558 36351.59840492 28135.02562168 26933.44115507]
[6644524.46087138 8238330.79545585 6335313.68016691 4830958.61544814
 6854932.58761272 5479700.90354917 5688347.33571295  733275.35538115
  941620.73243257 2248289.97917318 3669476.04608692 6796762.77086275
 7118306.05816752 6402707.97844554 6760855.55427243 5412261.48792906
 5982996.8135445  6110282.42794033 5775250.20608125 2253382.18240429
 1325272.46118291 1713612.7267748  3580928.37415613 4783902.57711879
 7661043.05712757 5806567.0758363  6243790.16103685 5877890.64623184
 5910582.01633019 5763242.29513797 5769452.29283592 4658732.47738906
 1415701.39505673 2420515.9709706  2978511.57798913 4448727.54835894
 5956961.09786622 7066737.48221164 5069015.63898274 6539901.43786667
 5296338.62172824 5440503.13915175 5343179.23365455 5551354.61513672
 2790037.35835546 2970413.48138473 2268674.5671034  3956855.22840614
 4488315.88394744 7373206.96335567 5309806.26355274 5636112.67644047
 5309233.47124542 4995993.0076268  5677686.63621014 5549129.7539637
 4748229.97392684 2978553.55250143 1956744.46299927 2822327.49085736]
[101944.97139063 133216.81651838 124952.30535592 126497.25455502
 153525.81021528 142634.12026274 143157.73641805  77841.97799302
  56562.8703677   53765.45552031  58665.84996796  84585.64803638
 107560.08680975 113668.74795855 135306.04775215 133576.64772869
 139813.68527242 146454.83539308 147878.3617653   94986.9549948
  69465.78852371  59173.59828622  65242.66266768  75505.03176771
 110643.51344814 116026.24823546 127220.76234931 138774.0360052
 141989.26906066 146495.96910462 149889.41598129 135953.69543041
  86434.89647007  77387.35685879  75391.81485203  83650.56015545
 103427.67772596 133493.7794349  129703.38943721 151820.90572949
 145686.85166932 149476.94186104 150770.55043825 153911.24045994
 113268.31030355 100714.82273675  86327.30745429  92078.14568968
  98755.18558681 139419.40618494 134980.22016136 146000.02144124
 151932.18363917 143687.10234724 154418.37668488 161761.64461185
 148388.55271868 117472.17139234  95356.78766938  90854.0485193 ]
71705.26639347877