[1990.33718724 2409.71926324 2477.86068491 2490.02295032 2494.59079482
 2497.50628987 2396.8838301  1072.29152676  981.75653762 1136.9969498
 1295.34771341 1617.4803836  2063.34389414 2272.22464172 2328.04811561
 2354.40952784 2368.97462632 2373.85996825 2372.73983854 1608.12731489
 1169.06954674 1022.09811201 1182.6137333  1369.97461583 1786.33713526
 2177.58268179 2279.14928225 2308.62728206 2320.59933357 2323.20086202
 2322.70677147 2134.11603605 1325.62829193 1347.01959592 1289.82055126
 1380.11489884 1637.80613599 2090.49966231 2226.65640691 2271.15726229
 2281.88686553 2287.07938091 2289.73433151 2273.40829837 1820.54561556
 1533.82747472 1334.44760126 1302.14842278 1461.22725884 1874.54171032
 2159.81473367 2234.43167089 2252.42502695 2259.85982105 2261.39028283
 2261.44111726 2178.36083054 1750.37764312 1418.4385197  1345.07885369]
[355007.79537038 468900.77620567 315354.98689147 271316.89167035
 341049.11589143 301720.4174825  304627.89491943  28614.13762164
  47526.98829878 117802.91100467 194150.49348269 355482.15344851
 407365.49931832 313287.26171777 352971.14802459 327200.69696771
 342078.87424082 284156.59880675 329843.33540357  95433.80219852
  63902.08208216  85087.40100905 175951.57292596 248846.85342252
 351834.12417552 426115.27336721 265935.02461532 343116.76196355
 332025.41052785 278852.46175341 323485.46862841 224976.7023566
  66478.07997257 118707.24358598 145846.38993826 230703.27362218
 290353.18339578 443156.00148418 254643.54805838 310308.77287192
 328856.18303556 263729.59414017 340229.53411705 260564.48682623
 148395.06849329 124089.22416039 150040.89346695 177232.8820077
 231356.24864377 402863.65489379 312263.64443368 301923.70264839
 298756.65847264 318687.82255909 263624.76196786 302405.84191621
 291443.28715608 131509.22914446 106449.40974638 154321.29229856]
[5186.74346364 6614.37243302 5684.30138046 6179.34446223 6527.6962727
 6617.05244364 6543.94936602 3299.0636366  2370.54795996 2301.16115712
 2592.10245062 3892.61323478 5179.6857773  5066.39527901 6172.10439838
 6110.93856058 6625.32611666 6593.84903045 7032.94759805 4251.59079068
 3006.07291096 2541.83195423 2789.14941474 3253.35126549 4522.43592041
 6125.41618645 5499.58934877 6696.2166709  6838.55726408 6442.04150761
 7220.83275685 6098.7838821  3725.10723688 3250.79416744 3126.08526887
 3543.77657236 4285.90346686 6520.71588057 5546.7591469  6371.43005058
 6810.01242474 6235.49487206 7237.62091921 6673.2198841  4892.00529513
 3962.37955075 3682.04980304 3621.84104017 3994.59714735 6038.39552602
 6055.14545866 6292.64589427 6747.15056464 7223.31475048 6678.48694544
 7372.88042869 7334.43075738 5063.93089612 4038.11607812 3878.8739094 ]
[38392.82884338 46885.4574399  48307.52284072 48586.15837527
 48693.0924684  48767.81950018 46934.04386228 21270.74354897
 19373.03627474 22455.68129426 25573.46921309 31691.42603908
 39816.21729584 43778.23316954 44944.10607022 45517.42497089
 45854.56888885 45962.26532905 45939.45452407 31515.84390792
 23202.55102728 20296.13344356 23441.14565794 27095.49711646
 34759.75980974 41839.48375087 43839.26267735 44484.52490798
 44740.53607512 44797.60028796 44790.86348086 41438.32476161
 26155.11626645 26592.03897144 25508.55492792 27393.62013452
 32163.37673897 40189.94530856 42755.10665713 43662.84485178
 43887.85838902 43991.11505911 44025.64974567 43713.71367662
 35597.91027987 30158.09915715 26513.61999207 25811.90797457
 28914.53070973 36335.28442141 41347.60458561 42726.2887629
 43119.99338885 43296.22365901 43324.92230062 43322.80392869
 41925.24099619 34105.64607456 28143.33644633 26674.08382126]
[5857932.95048601 8304101.31614232 6582512.82811133 5025472.75095903
 6664157.65306161 5798361.20644659 5978555.02111237  655434.38467023
  942758.70396002 2273827.84780445 3705237.35100671 7002194.52738298
 7609366.50275603 5883794.53789987 7030687.08681945 6549362.42726749
 6424151.89700347 5714674.30290509 6546869.7709568  1985530.31850918
 1335394.09443108 1752754.04619092 3445727.66430234 4912108.27463649
 6813421.81455145 8151875.31419917 5288824.86068629 6705876.60814283
 6398438.51710993 5684581.58834728 6184050.94216354 4560326.79126821
 1467390.01619491 2527126.07747201 2874572.49491985 4603230.12820713
 5729783.39842287 8301052.29308677 5139992.91289845 6214266.0308698
 6017557.44641522 5392670.8303111  6705603.0439606  5081665.0531023
 3131483.28342241 2520340.88450046 3115812.20245853 3516092.51033656
 4613115.58363648 7551566.60071909 6025699.43450508 6224202.44227873
 5598809.26654106 6195338.78120774 5315768.18989904 5792535.93735678
 5885227.27231537 2703840.52375408 2287307.86335611 3147805.23085689]
[ 90051.26379828 118184.26869499 109066.82529357 110872.64566293
 124908.6678454  119649.91216326 121821.31401283  61292.2006372
  43343.64834727  40655.13709719  44129.40921035  65792.12293232
  85286.18435813  87312.51865403 105694.38542828 111546.98319647
 117599.02890555 119696.80165421 127370.26006133  77625.80758232
  55468.46013841  46699.02887025  49928.5157853   57660.45282978
  77534.63734042 105826.11623946  96846.99187012 116775.90874023
 120502.48067577 120317.39118487 128235.72073962 113224.12291693
  70994.25364298  62311.17386657  58491.93829582  65754.13838544
  77275.26460525 113919.16370902 102020.91372674 116250.9804546
 120956.45773384 117966.91909036 135177.78100077 123431.07693941
  94158.34567066  76573.43713317  71789.07025581  69265.61879446
  76424.81557968 108031.33202254 109741.78209521 120293.17686671
 122698.97134303 133094.56712476 125896.87408644 132519.5306521
 138749.6048674   97796.7626348   79506.84847491  76052.17359691]
72781.30944759966