[1928.25690016 2382.60991883 2461.75847262 2475.75328977 2478.64739811
 2474.95089423 2291.2783662   921.67896092  828.63582936  947.93340085
 1074.49372998 1308.52226489 1673.63143587 2034.85040247 2165.17415874
 2205.81803632 2221.46502864 2225.60362748 2207.40449276 1339.65099816
 1017.36627393  871.47924541 1002.92866119 1160.56847911 1400.75365905
 1768.66926686 2004.12530015 2087.70017058 2110.53093638 2116.65807996
 2115.4061842  1889.22731816 1081.01258567 1122.23422855 1112.40020237
 1175.10193799 1337.64792854 1620.22038038 1879.1161245  1981.5194738
 2013.20844359 2021.75641061 2024.11498491 2003.01017635 1445.77118493
 1341.34993684 1167.10337551 1156.73095174 1247.13111191 1465.38445792
 1737.06056875 1908.55223062 1951.12622407 1962.2457922  1964.83191198
 1965.11144447 1865.94741563 1543.90833944 1242.00135961 1166.86816468]
[252874.45819794 500956.45973632 335127.41070201 257759.6851596
 394116.2077707  309111.22715072 283930.05777035  26637.80887742
  36697.6856987   84878.78192464 144395.6115879  273007.66323169
 405346.33129947 430445.65942436 321166.03413679 402724.28009347
 358624.09913224 319154.70989648 334545.39714079  77585.37353247
  62664.08667738  65400.18994308 128678.65135634 227566.96959647
 313283.18865374 424331.30875467 350046.58580391 338800.59575081
 323769.87715576 333436.71910522 291154.20676098 257295.43077027
  62631.86947799  94834.66741635 128422.21896173 192620.30652377
 269088.63747194 356247.70323942 361640.9781825  308558.69397216
 338536.39922322 305457.05975642 283648.60073245 317106.3411944
 112659.40906262 133775.57908816 123425.35908417 168619.05255552
 222712.33401848 317074.95271097 334440.31998642 345090.26472365
 274007.24835625 319297.06399838 281154.28603999 280957.27961742
 252874.67944699 158088.17220854 114404.91871607 136794.56883443]
[3897.60363431 5610.49928032 4486.9037497  4507.6230668  5345.78056763
 5040.54841694 4652.63353006 2155.50203669 1395.67708565 1125.09068846
 1074.7078772  1309.74382826 1861.71610819 2694.5257008  2929.91016806
 4007.06234093 4344.65801039 4473.35791761 4831.77072529 2627.93758122
 1798.23575997 1399.54773891 1281.92340386 1402.15430304 1755.11862238
 2577.43942854 3066.50561807 3602.78686324 4082.00833006 4523.6550858
 4380.85546674 4230.26846107 2464.24036451 1952.77679438 1755.28088862
 1757.3255876  2025.77652373 2630.59062121 3302.00983215 3601.10484185
 4350.61696128 4389.61715706 4412.77965144 4867.41315705 3152.28093129
 2651.57030971 2274.85779195 2165.25726775 2257.90440106 2775.36882999
 3394.73929902 4002.04810828 4071.99577932 4590.99690897 4706.27817994
 4858.06876456 4554.45482758 3571.09442611 2920.09238855 2631.93283479]
[37264.29284152 46315.29467979 47933.65198317 48243.14424506
 48303.62918698 48225.65515058 44852.69851195 18658.81166582
 16738.62769099 19182.94137507 21711.66415253 26178.02002652
 33017.66823866 39700.86693803 42112.98496297 42911.11079754
 43259.3688078  43355.68098595 43087.65870031 26784.5769565
 20438.87162681 17565.10924441 20136.79590615 23184.36784068
 27781.22895269 34647.3781436  39037.1037008  40623.74696209
 41088.59414    41200.76302435 41178.44429556 37152.26006948
 21943.71165389 22657.89524521 22377.62500092 23557.56548432
 26691.53598926 31954.80136431 36689.31090391 38621.52661032
 39235.70778531 39403.64537732 39444.82942674 39137.31124625
 28641.31367121 26730.16272633 23388.21655496 23222.38927327
 24957.39258406 29078.53312063 34042.21939601 37158.49554416
 37973.28240182 38183.75250232 38235.54057749 38241.58962525
 36317.45373715 30857.69275399 24849.58714358 23377.25870307]
[4345125.67504788 9049160.5090574  7073273.03700498 4717594.96589148
 7700333.23409954 5995237.40474102 5563624.08123233  611326.42394364
  756541.95400948 1745396.3048141  2956906.63234206 5375988.85391251
 7925926.65824619 8299916.28594386 6389909.62471254 7730092.61169797
 7113538.18543218 6137076.67713965 6671899.70953868 1740526.12642901
 1349215.08375458 1457188.55919044 2703293.45335934 4565948.76764551
 6199165.9748495  8285527.43419334 6705899.03147399 6795137.81076825
 6307611.41211275 6594827.86397871 5684606.06010873 5091845.1097825
 1453646.06460264 2101566.18764197 2703150.80902502 3920319.09192496
 5415206.69090203 6899575.77296588 6955150.10540278 5983384.53080989
 6734129.05638033 5963554.09998519 5378931.02050325 6395291.00602125
 2379747.20217333 2823489.79739205 2579291.65409988 3466089.99169165
 4450231.56377341 6231740.72558371 6591803.0732916  6583392.84925609
 5551668.53448742 6176970.43755381 5407382.98125315 5804224.74721855
 4827296.9621997  3359273.2038727  2432766.5117399  2896358.59100682]
[ 70578.62190673 101799.99848538  88609.93627424  82573.41480993
 104471.30683435  95175.98836236  90669.70373267  42459.36094663
  27511.37417398  22259.42245287  21222.75399618  25466.5156301
  35855.69247946  50875.2015      56020.58487853  75670.04585674
  82510.26096965  84711.17347009  91258.39307189  52116.49540361
  36554.02811727  28957.40446162  26694.95269212  28924.46678327
  35734.69784736  51045.74803412  61080.98471879  71170.7640094
  78512.41614737  87577.47218064  84871.91704187  82345.32219647
  50495.40687684  41087.26454995  37301.28468063  37304.79305198
  42798.29951642  53966.59186027  66648.72519495  70760.72322974
  85607.00346625  86254.39334997  84741.71277175  95152.57286406
  64181.24830232  55065.5234234   47727.5205063   45557.51409663
  47188.19946512  56867.86413274  68940.40511408  79707.09051061
  81969.82802452  90581.58815688  91485.57557443  97714.76571837
  89304.40843239  73480.77109501  61093.40841226  55488.23302478]
70378.88734724256