[2153.06265555 2462.86482665 2496.30680137 2503.29509494 2505.93117047
 2508.60472042 2496.61023408 1774.2595199  1548.69389054 1807.75888106
 2027.5003912  2355.42427164 2468.0748937  2494.55076437 2500.61897433
 2503.78458772 2505.69143619 2506.32561328 2506.44491952 2322.49324263
 1598.30022586 1527.1345075  1860.70881646 2164.8638258  2425.60306272
 2484.01026714 2498.83961255 2501.8233059  2503.00884703 2503.06684237
 2503.05387809 2487.2565544  2009.59383887 1946.48406314 1835.12464973
 2102.20369165 2375.55343204 2483.27253201 2498.48754277 2501.70478274
 2502.01376249 2502.04       2502.09545364 2502.01900578 2374.23634259
 2061.54006448 1880.2616014  1979.0263866  2261.06469902 2435.66465904
 2492.48721392 2496.87178615 2498.02545803 2498.01659092 2498.06837555
 2498.09550604 2488.98705287 2388.03381781 1857.02690867 1906.60396041]
[478055.89271783 452209.21264405 274490.45060617 289804.25800655
 303462.79490609 308322.23701503 329450.77569241 101175.73852514
 119585.66542224 271719.1760198  339090.87117176 305305.67328449
 352687.35422654 281299.06136728 316637.12214024 277137.73505473
 303030.6686856  314581.92171926 272925.19550985 237114.1864445
  95666.42466681 139803.8949932  342653.04333897 354571.19195277
 278868.42401327 331579.23073228 306119.80162232 270764.62020661
 323758.17550895 289258.88768625 280013.79858714 263918.76471797
 149736.99767027 212737.05495618 202674.78278919 373029.29705429
 292125.33397197 248248.24756334 355577.92459242 262861.64481883
 263667.16516741 326090.79192613 242271.89947345 303720.5083732
 280282.69890228 155084.71652921 173299.98259485 271677.42204747
 386988.43634383 217122.05688258 308335.41205642 282138.83843219
 299956.91944641 274838.37781989 290138.91341082 269249.13765904
 286088.36899843 265927.24647641 116135.40527715 190408.05545841]
[6598.58004783 7690.11659193 6291.1776944  7658.34150532 7627.27283844
 7932.10770352 8633.5739347  5403.21836211 4508.67237495 5756.40068712
 7027.00574642 7296.37673245 8645.99663818 7897.09090277 8608.42037636
 8249.25309268 8631.96908334 8702.88474808 8409.27795984 7801.92710772
 5131.60030287 4720.79731899 6681.31200962 7884.15842109 7283.65076559
 8647.63922673 8221.44531877 8241.71079373 9033.025348   8913.77164787
 8704.97751771 8537.71121642 6345.96751148 6355.0973037  6228.138648
 8481.77538077 8092.97530007 7720.06510727 9294.01317077 8403.32119313
 8292.07478307 9208.14179708 8203.77613908 8989.80179074 8986.87928979
 6722.46972382 6143.56526653 7203.27135683 9207.36912957 7744.06180216
 8670.05466065 8491.65650403 8891.98728574 8699.2670449  9033.12250081
 8666.42236155 8987.13132831 8737.05163257 6257.1252203  6160.38686105]
[41626.03497699 47970.53830843 48717.77996119 48893.58320101
 48948.37269404 49019.58480019 48805.46878621 34628.01441999
 30541.9447376  35371.54242108 39500.6290656  45555.99040831
 48061.18976924 48699.87048145 48846.98994259 48931.75177
 48984.26714996 49000.27398977 49003.76676288 45567.52100639
 31681.10926158 30087.72272378 36332.72302447 41925.26522502
 47091.11509326 48447.25804874 48811.38519825 48886.08137049
 48916.92544403 48918.356491   48918.0424535  48529.19727586
 39875.11718667 38157.923402   35966.96644993 40993.42009367
 46158.61265538 48420.54717722 48805.04484451 48884.24997567
 48893.35478953 48893.9124801  48895.15295201 48893.61297184
 46459.59370427 40261.88208721 37043.25505926 38745.20138756
 44000.17160503 47361.09999827 48674.61842096 48771.45072639
 48802.18469761 48802.04440682 48803.30938298 48803.8821042
 48636.14139714 46680.53498629 36344.51738076 37721.50138609]
[8017863.89135063 7869092.2769567  5674633.96022427 5640238.05030845
 5745740.56809499 5898140.95992918 6542349.17764854 2063185.89243435
 2380156.4345768  5253970.96077071 6582073.02744464 6014622.71393156
 7040827.11370239 5358587.01297539 6533511.81504262 5432180.15842326
 5978283.61624183 6219839.05604903 5248810.93701832 4648091.85461011
 2092218.7688168  2848759.90064264 6654005.08870402 6643871.99119593
 5617045.802277   6681571.3436699  5719972.40661525 5658562.5945241
 6248007.96319762 5523641.29625495 5947500.45973497 4885886.13682677
 3218035.80712068 4334914.73271772 3955136.61239088 7104927.75232023
 5757388.93648199 4958588.85874119 6876962.48494332 5297662.10945561
 4998777.7620449  6489488.97803629 4861815.2106838  5965680.07510634
 5661921.65178648 3080125.72903517 3517638.36005939 5186458.97907532
 7841741.97589208 4176588.83467229 5830911.7009874  5767251.43545535
 6158777.69680612 5213018.19538207 5961603.74790721 5178702.76737955
 5729396.29351238 5380174.94415816 2175174.74306899 3955155.23425409]
[114906.20220584 136190.56551593 121342.41607104 141298.35584424
 143590.99291278 146282.31464662 161456.49473871  99756.46911066
  83032.25068584 102719.08852236 124833.17049289 133545.16874517
 157003.61306797 144361.23224973 162546.03377127 152453.56246795
 161329.00884359 164637.67974178 154620.54303679 144141.15089286
  95844.74925956  86856.13277713 119196.43048799 140307.59450993
 134919.71837603 158468.46665178 150889.63236201 158371.74086549
 167379.78834722 165531.11990212 168795.18347186 155804.48756708
 121590.86190188 121478.94531474 116150.31257888 152925.70672931
 153105.9838955  144419.12082585 170725.8611831  160482.96471415
 153226.53436913 174022.91181178 156392.59803928 169688.62822405
 170295.07185587 127336.15653799 116553.78920715 132216.19480477
 172237.65510054 142678.47364007 157748.08087394 160593.56058929
 169761.97092537 160560.7752943  174879.79546578 164547.32256119
 170011.61392415 168788.68983921 116510.16565816 117535.23095246]
82126.03245832416