[1997.00803256 2404.69345171 2476.64606445 2488.97605808 2494.8750099
 2497.76691312 2405.62752715 1102.35814912 1003.37140175 1168.65623665
 1347.10146582 1693.34534987 2145.04462798 2327.6965047  2377.62200646
 2398.25745395 2407.21572398 2411.29111494 2407.69070937 1698.75224447
 1185.23410788 1031.7511474  1197.20600921 1376.16763237 1834.65587006
 2222.79463354 2346.51172764 2373.16754354 2378.18085299 2380.88355454
 2381.7609085  2229.32818964 1328.8021896  1367.38020141 1312.37478533
 1409.24423349 1682.08086307 2151.1399957  2301.47918298 2344.9165157
 2353.2012723  2355.16797539 2356.52598801 2348.45257775 1801.80167957
 1596.38421387 1340.8521598  1365.31494415 1506.16607964 1943.6759432
 2244.30393617 2330.84820326 2345.67583274 2350.65448785 2351.89423919
 2352.85046357 2267.25714666 1876.30392281 1389.42995535 1361.24587563]
[404240.43394159 473686.01830362 301363.62837493 260455.83776024
 332053.23437431 286897.23776065 299577.06280182  31008.16922104
  45984.72757853 112575.01260139 193751.17299498 326437.14140657
 411809.02972305 302682.47026192 327709.37837192 298945.93172087
 292879.98485824 306183.92653868 288565.83294753 102658.25395973
  68289.60349676  88251.42561303 194406.85692183 238917.99805941
 414907.0083222  294305.71585457 289666.4871716  323798.5695822
 287351.12671766 289795.83240021 289423.74165444 235831.25294627
  59154.40510136 114630.43267726 144336.42639207 235929.56411333
 293500.92074912 405953.15002914 242809.76381086 303195.74727461
 288259.28604516 272494.80888343 278456.07528188 303135.18103456
 108527.54971159 140500.0211856  116402.96874232 194769.17037149
 236110.60014899 427121.47166348 237131.31605467 315898.31119516
 296901.42840229 262100.13540679 278095.77423385 288838.9936113
 242329.66390143 164881.44933235  86297.04876252 135135.26812402]
[5904.14084891 7574.28434922 6579.79121334 7045.79279475 7999.29857262
 7854.86836222 7876.93371557 4228.43112998 3118.24794435 3027.02676154
 3468.16888035 4870.73446224 6488.57548746 6508.90540872 7569.69748443
 7604.04426601 7753.69908791 8201.30918854 8131.55467567 5282.90831089
 3852.86189395 3304.43140014 3760.34694195 4287.69710007 6766.0665707
 6535.57376144 6991.49942619 7786.43883921 7711.79109136 8079.34058272
 8287.49046613 7633.80558455 4646.34272448 4133.4708844  4012.9300837
 4618.52463261 5786.66895499 7886.95670505 7107.67120325 8078.92195381
 8149.28455678 7849.71055365 8388.79837727 8650.1066778  5734.47155254
 5131.69566368 4397.1354905  4703.73079627 5209.21445405 8259.04755923
 6774.68168529 7908.45098375 8317.09556791 7875.6426556  8431.0094041
 8671.80393073 8192.86411621 6820.12444031 4956.44795986 4623.73213298]
[38539.8798335  46764.67566609 48284.05890329 48573.20376422
 48712.43923099 48779.644604   47038.61600682 22411.78347152
 20028.96190567 23203.37962396 26394.72302172 33061.60767109
 41366.80632319 44997.63291809 46158.92973419 46653.81479398
 46875.22975333 46960.36787444 46902.57509953 33277.63769304
 23454.57632028 20424.98465976 23727.76632644 27281.70057386
 35635.78148556 43004.40407364 45444.84864737 46036.32556468
 46154.60566471 46212.56713638 46229.59009615 43176.29338571
 26601.37433122 27221.17527443 26104.95627338 27876.63420887
 33100.95860535 41621.99719821 44666.10773269 45546.58899309
 45712.32302899 45766.18972251 45790.15501057 45659.21960811
 35292.5903954  31575.72427173 26605.4630999  27138.71029944
 29869.30329259 37873.60711044 43426.85294203 45213.68354532
 45544.03786396 45652.97527142 45673.99732446 45682.86598683
 44143.39240204 36668.33365906 27734.22390171 27085.69680283]
[6713432.72785025 8298428.58721204 6282289.26118293 4961345.51386729
 6672539.62623145 5588895.72163869 5541882.10844319  773476.45421263
 1005719.80255302 2436032.73887424 3717817.48680481 6621730.2813986
 7767311.54590706 5702265.38380214 6641361.45178641 5742608.98433573
 6021605.73342855 5832697.90415616 5825842.00163848 2201688.21670369
 1454001.48379457 1799229.59202377 3829035.32515301 4908836.14302788
 7753392.05479992 6086764.69102369 5591713.30906959 6162777.60764537
 5906210.54879193 5555318.72027547 5879088.87400641 4594880.00446199
 1365765.95554733 2475052.82318004 3029520.80250185 4663768.54112538
 5804333.22378017 7664738.41509012 4907899.96005533 5947407.56383917
 5642813.56216849 5419526.47457004 5399032.73596825 6027267.35581548
 2281401.20196247 2993186.88235621 2421701.45515845 3905836.06494679
 4774152.91347604 8189099.97278917 4330651.56078842 6405485.74467239
 5784323.07340069 5118183.88476295 5602062.75479055 5582780.13214071
 4956388.9387046  3358053.82452226 1826577.62926988 2843878.22120035]
[103272.94144277 135863.47241443 127285.38345584 130149.81650947
 155151.06834111 147804.75163652 144733.21527096  79872.160145
  58535.2674097   56387.81888355  61475.49441098  87768.3183814
 116744.70730095 115850.18585374 139404.58356547 139121.13661988
 145163.39335631 150093.38164402 153738.98946615  99426.29653988
  72985.12653372  62166.94060659  68913.16156163  78749.32439102
 118459.64557251 121588.64837696 130166.6010111  144801.09647235
 145953.06502301 150591.16089665 155889.20620913 140705.53235168
  89076.68091748  79736.02908522  77255.80393814  87215.49754667
 105557.87996487 145152.44417856 135621.49240667 148033.34718218
 154264.64338813 150642.89615557 157172.35938858 164948.43869301
 110585.14909777  99910.78002208  85976.69409901  90588.77819959
  99878.94301751 149767.06929771 128635.14577735 152720.7390768
 156332.52939565 150792.41433695 160986.37402913 163235.56163323
 159919.25501138 130621.06546889  98295.08352304  91979.37405503]
72822.44913553163