[1974.0286447  2399.04234756 2473.51125737 2486.92522351 2491.30581904
 2493.13379299 2380.01111593 1032.10303693  943.25072059 1087.78370468
 1238.95026846 1547.14848201 1953.11788949 2181.05194983 2262.62985815
 2297.661511   2310.32373664 2314.48268079 2299.25979575 1575.6040715
 1131.91304425  979.02651562 1145.85129113 1319.45294078 1705.33723206
 2045.82016874 2176.97028447 2222.18512094 2235.50328745 2237.54688265
 2236.64031405 2044.73487637 1261.03039606 1291.66774012 1247.17165422
 1341.0537704  1575.68525792 1968.15695264 2111.56183834 2162.42162243
 2178.9026946  2181.72004762 2182.02261704 2176.96206706 1686.25166157
 1451.13537222 1286.4018045  1300.93721766 1431.70088428 1771.23007081
 2024.30748454 2111.6955138  2135.99332721 2139.31626465 2140.06552335
 2140.15167997 2053.59695614 1762.49543939 1327.63361457 1277.44727455]
[340223.8165851  467156.62392884 315542.53252568 254166.3426922
 359694.4739502  292980.14023807 304428.03456394  26396.12826179
  45660.72058475 109697.75887487 177052.91790358 344381.52124255
 369957.7310962  342016.28490773 322200.34118323 386432.80605147
 278957.3898866  342182.15400676 303364.85585829  98249.92307973
  68100.13984368  72593.31896691 170584.33035604 227499.01517699
 356957.65148101 368512.58072986 313479.75402678 354081.22167041
 263306.81947275 305896.70864155 315247.07145922 242249.18309413
  63666.20353576 111380.74201436 136050.34452042 221597.65279434
 278072.45262579 394205.8753996  289149.62091148 301837.07445424
 303382.9870259  330936.88758443 263028.0072991  300584.39048629
 147926.76191128 130849.57692834 120819.88622752 179760.9138412
 244603.65843087 342635.32735841 288555.49489594 348023.44796683
 266653.52680714 298185.45124169 256888.93732073 303705.36441522
 240335.62972331 178211.50710025 112286.21513784 146616.9604571 ]
[4988.60439006 6288.34881379 5341.19768531 5676.04240654 6171.62029121
 6072.57646319 6133.67666342 3061.85098312 2188.72005225 2105.59282353
 2350.38524514 3579.25871096 4419.3317867  4486.41286495 5242.13739036
 5902.92681314 5261.26470659 6258.13838086 6151.2903198  3881.62999719
 2759.15242685 2260.90052511 2519.12752949 2814.63593542 4154.4025946
 4866.29322752 5079.72784915 6213.27132506 5398.6805506  6005.61397206
 6400.39946791 5559.49006316 3464.86102787 3056.15844527 2896.06033547
 3326.01130667 3942.40022173 5986.93632933 5030.2441909  5742.8796638
 5856.48261312 6290.01981387 6263.49937496 6300.36835281 4820.36949621
 3797.95296997 3314.18458651 3420.73869409 3973.14761942 5303.85982382
 5267.44109675 6344.90167998 6276.15560049 6221.18526439 6174.59112955
 6938.38509989 5993.3866837  5238.70211644 3962.13375056 3716.17373429]
[38197.96693057 46750.4565711  48259.87359022 48554.88993113
 48658.93493444 48722.77901229 46671.84043336 20750.24495008
 18883.20131909 21818.17923484 24875.87633114 30791.31105208
 38417.07943529 42746.58837525 44276.62705174 44970.4046522
 45254.97812047 45349.3076066  45112.9756783  31343.27250012
 22717.8605217  19753.83915287 22987.77246737 26342.57301395
 33569.86705977 40138.65538813 42663.72345242 43534.26924351
 43772.38115727 43817.00311041 43802.13294718 40282.19288127
 25367.64248752 25920.09917218 25045.48794734 26800.32986203
 31273.75887204 38673.06459885 41445.18938961 42420.87187054
 42725.60573211 42767.38649264 42769.84086814 42678.82387436
 33147.448279   28850.28010008 25886.31826426 26005.67715725
 28510.06593092 34807.29079737 39610.02140134 41283.38883754
 41759.48643032 41819.78091446 41833.57390709 41836.17291238
 40267.38025495 34856.66108216 26697.45641235 25593.29474033]
[5570062.69172554 8282545.71866234 6551108.70647754 4883449.1153799
 6757703.07190023 5766176.74125385 5964735.24029114  613641.87177621
  923603.5063809  2139917.63393403 3473874.84976119 6776301.27497573
 7199311.03218217 6240927.07423784 6618217.68718763 7324886.75310299
 5630373.25811876 6500224.83129229 6048909.88255265 2120841.1907801
 1388577.43097392 1582526.2459187  3434627.2733303  4626648.44149084
 6795367.2418928  7313665.31520464 5977329.74666084 7021358.21555948
 5205798.98283528 6047923.08189968 6216618.49043129 4791280.32512758
 1370487.18595262 2332056.3710619  2857031.02576683 4486144.57926014
 5370163.05289984 7932518.62268612 5391183.08765557 5755413.62808591
 6214933.8445807  6387903.61707002 5259960.26781958 5970741.85134923
 3107293.33549721 2589486.80119316 2638940.12515664 3667847.45843935
 4908456.05794583 6554647.14485027 5668074.21764996 6750632.57323132
 5442184.60044107 5545715.66405592 5167978.62224802 6039208.84447562
 4732374.69769626 3640179.485026   2396169.10448147 3064522.39186135]
[ 86427.92740712 113515.22893677 103574.09252508 103035.87433968
 118660.76272396 111799.42686426 115023.74198927  57307.16426068
  40261.14250775  37217.30883499  39628.75536124  59420.09722936
  71739.67198603  77383.7775392   89237.91913344 105792.86726055
  98227.54019297 113145.85100272 113800.14486545  71885.59947387
  51278.54282557  42207.27215282  45294.90248966  50991.91182756
  69644.55914055  85357.37523185  93835.20328645 108594.60803487
 100981.18224558 112240.69650843 117551.99668414 104710.00082665
  67091.75706955  58892.19115428  55403.47030966  62114.79032485
  70462.01551616 104937.28382906  94640.50224979 101203.77106977
 110636.52252619 118390.59203848 114223.84907329 121502.23586909
  92330.63102622  74161.52716837  65420.03251052  66536.50910519
  75109.90935062  94683.45047715  99085.43998957 119162.93242087
 117310.5441476  118337.53738521 115793.55806033 129076.72939145
 115920.61291526  99979.60384914  79262.07276921  74740.06287153]
70152.80373728971